    unsorted:	 2.467401100 4.934802211e-05 4.934802201e-05 51.62948879 75.76256728 23.22484946 6.806785082 39.27697352 127.1078086 597.0082545 637.9079500 1826.854971 1409.349223 2381.096992 3234.020469 3713.264662 5017.906834 7164.856831 8858.466243 23341.36502 25496.53813 27047.44124 31850.42713 36496.66886 37612.60770 40148.20009 40501.40605 44371.06985 47015.92544 48405.15988 50317.75285 52629.93989 56459.47794 56777.65772 59859.77172 65503.82824 66078.04927 69369.15148 73959.11279 75574.44490 79669.84919 80363.24963 81073.29454 81616.34163 82944.99883 87088.28690 88964.22874 97623.95573 109443.6402 133445.7355 335937.4900 3944044.157 21669050.72
      sorted:	 4.934802201e-05 4.934802211e-05 2.467401100 6.806785082 23.22484946 39.27697352 51.62948879 75.76256728 127.1078086 597.0082545 637.9079500 1409.349223 1826.854971 2381.096992 3234.020469 3713.264662 5017.906834 7164.856831 8858.466243 23341.36502 25496.53813 27047.44124 31850.42713 36496.66886 37612.60770 40148.20009 40501.40605 44371.06985 47015.92544 48405.15988 50317.75285 52629.93989 56459.47794 56777.65772 59859.77172 65503.82824 66078.04927 69369.15148 73959.11279 75574.44490 79669.84919 80363.24963 81073.29454 81616.34163 82944.99883 87088.28690 88964.22874 97623.95573 109443.6402 133445.7355 335937.4900 3944044.157 21669050.72
